variant,run_index,path,participant_id,full_name,file_type,human_total,model_total,total_delta,abs_total_delta,human_part_breakdown,model_part_breakdown,part_abs_delta_sum,part_abs_delta_mean,detected_part_labels,scoring_word_count,structure_word_count,preparation_seconds,extraction_seconds,latency_total,latency_wall_total,latency_structure_detect,latency_part_refine,latency_part_analysis,latency_moderation,latency_finalize,validation_notes,human_feedback_excerpt,model_feedback_excerpt
prepared_artifact_enriched,1,"C:\Users\Cam\OneDrive - City St George's, University of London\grading test\test 2\EC3040\Sadik Ulusow_1494125_assignsubmission_file\Economics and Society Coursework (60^L1) (Final).pdf",1494125,Participant 1494125 (Sadik Ulusow),.pdf,64.0,80.0,16.0,16.0,"{'Part 1': 9.0, 'Part 2 Q1': 4.0, 'Part 2 Q2': 6.0, 'Part 2 Q3': 6.5, 'Part 2 Q4': 4.0, 'Part 2 Q5': 2.5, 'Part 2 Q6': 6.0, 'Part 3 Q1': 5.0, 'Part 3 Q2': 3.0, 'Part 3 Q3': 3.0, 'Part 3 Q4': 4.0, 'Part 4': 11.0}","{'Part 1 Q1': 3.5, 'Part 1 Q2': 4.0, 'Part 1 Q3': 4.5, 'Part 2 Q1': 4.5, 'Part 2 Q2': 6.5, 'Part 2 Q3': 6.0, 'Part 2 Q4': 3.5, 'Part 2 Q5': 4.0, 'Part 2 Q6': 8.5, 'Part 3 Q1': 6.0, 'Part 3 Q2': 5.0, 'Part 3 Q3': 6.0, 'Part 3 Q4': 5.0, 'Part 4': 13.0}",36.0,2.4,"['Part 1 Q1', 'Part 1 Q2', 'Part 1 Q3', 'Part 2 Q1', 'Part 2 Q2', 'Part 2 Q3', 'Part 2 Q4', 'Part 2 Q5', 'Part 2 Q6', 'Part 3 Q1', 'Part 3 Q2', 'Part 3 Q3', 'Part 3 Q4', 'Part 4']",3835,3835,0.01,1.58,430.21,431.8,0.0,0.02,395.37,34.82,0.0,"['part_score_spread=9.50', 'part_moderation_max_delta=0.00', 'math_total_used']","This is a well-structured and strong assignment. Overall, a goodsubmission with clear strengths in theory and interpretation, but scope to strengthen precision and depth in the empirical analysis. Your grade breakdown is...","This script is classified from part-level evidence rather than a separate final-language pass. The deterministic overall mark is 80 out of 100, computed as the sum of the part scores. Part 1 Q1 scored 3.5/5 and was place..."
